0.85 0.74 0.43 0.02 0.75 0.10 0.88 0.57
0.50 0.97 0.16 0.87 0.48 0.50 0.80 0.07
0.67 0.59 0.74 0.51 0.72 0.91 0.51 0.02
0.41 0.51 0.71 0.83 0.72 0.10 0.10 0.68
0.72 0.89 0.71 0.01 0.85 0.07 0.03 0.18
0.35 0.70 1.00 0.19 0.20 0.13 0.09 0.85
0.08 0.88 0.16 0.84 0.18 0.20 0.26 0.58
0.71 0.66 0.85 0.48 0.48 0.19 0.36 0.48
0.92 0.33 0.43 0.86 0.36 0.36 0.16 0.22
0.63 0.23 0.49 0.19 0.82 0.36 0.29 0.26
0.19 0.20 0.22 0.32 0.59 0.50 0.27 0.60
0.41 0.12 0.60 0.91 0.51 0.26 0.46 0.49
0.30 0.96 0.71 0.94 0.49 0.93 0.17 0.71
0.98 0.34 0.55 0.97 0.75 0.97 0.86 0.37
0.16 0.36 0.25 0.91 0.34 0.07 0.02 0.13
0.70 0.54 0.60 0.57 0.78 0.81 0.65 0.24
0.57 0.22 0.22 0.14 0.16 0.64 0.96 0.37
0.77 0.72 0.74 0.90 0.84 0.89 0.23 0.14
0.23 0.48 0.91 0.15 0.30 0.21 0.98 0.77
0.29 0.05 0.64 0.23 0.39 0.34 0.40 0.05
0.12 0.35 0.92 0.37 0.58 0.42 0.59 0.29
0.53 0.12 0.66 0.72 0.31 0.21 0.68 0.03
0.27 0.74 0.67 0.45 0.73 0.33 0.90 0.92
0.39 0.57 0.59 0.87 0.05 0.66 0.16 0.31
0.06 0.05 0.95 0.46 0.89 0.22 0.09 0.70
0.46 0.34 0.87 0.02 0.76 0.63 0.70 0.88
0.39 0.03 0.47 0.89 0.57 0.95 0.66 0.20
0.13 0.22 0.64 0.82 0.25 0.57 0.16 0.70
0.43 0.57 0.21 0.82 0.88 0.85 0.64 0.13
0.61 0.86 0.47 0.69 0.87 0.94 0.11 0.73
0.66 0.18 0.04 0.07 0.82 0.89 0.57 0.80
0.25 0.29 0.85 0.51 0.63 0.01 0.07 0.72
0.09 0.18 0.75 0.35 0.87 0.79 0.78 0.26
0.79 0.08 0.09 0.03 0.43 0.22 0.79 0.93
0.12 0.06 0.77 0.10 0.61 0.57 0.37 0.88
0.28 0.70 0.97 0.45 0.94 0.73 0.24 0.35
0.32 0.16 0.08 0.31 0.70 0.31 0.69 0.23
0.92 0.71 0.22 0.62 0.20 0.11 0.78 0.23
0.79 0.82 0.38 0.88 0.78 0.91 0.22 0.85
0.85 0.10 0.92 0.77 0.48 0.33 0.70 0.89
0.62 0.20 0.11 0.79 0.02 0.48 0.36 0.90
0.32 0.82 0.78 0.98 0.34 0.56 0.83 0.78
0.83 0.03 0.66 0.18 0.76 0.65 0.71 0.80
0.40 0.63 0.49 0.40 0.08 0.26 0.97 0.69
0.40 0.01 0.73 0.63 0.80 0.50 0.08 0.60
0.23 0.34 0.52 0.66 0.73 0.30 0.80 0.21
0.68 0.96 0.54 0.73 0.80 0.08 0.26 0.14
0.09 0.56 0.40 0.39 0.39 0.87 0.37 0.73
0.94 0.30 0.52 0.35 0.11 0.98 0.52 0.07
0.64 0.09 0.90 0.29 0.88 0.87 0.20 0.16
0.59 0.05 0.44 0.44 0.85 0.72 0.23 0.96
0.36 0.25 0.26 0.01 0.40 0.89 0.41 0.94
0.22 0.82 0.18 0.33 0.51 0.16 0.81 0.59
0.71 0.08 0.69 0.58 0.93 0.99 0.86 0.68
0.18 0.98 0.23 0.14 0.28 0.14 0.12 0.97
0.03 0.65 0.35 0.24 0.11 0.57 0.53 0.85
0.88 0.52 0.10 0.50 0.89 0.17 0.61 0.22
0.43 0.16 0.82 0.91 0.04 0.82 0.81 0.29
0.88 0.84 0.54 0.54 0.98 0.61 0.13 0.11
0.49 0.62 0.35 0.69 0.10 0.69 0.91 0.16
0.94 0.85 0.78 0.18 0.42 0.84 0.16 0.29
0.47 0.54 0.10 0.89 0.31 0.32 0.74 0.94
0.05 0.83 0.03 0.13 0.65 0.62 0.19 0.08
0.27 0.98 0.43 0.84 0.13 0.13 0.20 0.74
0.95 0.62 0.19 0.19 0.78 0.63 0.00 0.04
0.01 0.56 0.54 0.14 0.26 0.81 0.80 0.59
0.38 0.23 0.14 0.85 0.15 0.11 0.55 0.93
0.68 0.49 0.35 0.24 0.16 0.77 0.16 0.13
0.88 0.18 0.95 0.67 0.69 0.41 0.46 0.67
0.59 0.39 0.91 0.36 0.30 0.88 0.28 0.64
0.40 0.03 0.86 0.04 0.05 0.23 0.66 0.98
0.45 0.58 0.55 0.79 0.61 0.75 0.93 0.14
0.48 0.22 0.26 0.86 0.25 0.71 0.01 0.33
0.15 0.51 0.51 0.60 0.40 0.61 0.70 0.27
0.47 0.60 0.02 0.20 0.25 0.15 0.48 0.00
0.01 0.44 0.52 0.19 0.33 0.40 0.45 0.54
0.40 0.48 0.69 0.64 0.26 0.96 0.98 0.38
0.00 0.18 0.01 0.07 0.34 0.46 0.72 0.10
0.94 0.49 0.50 0.65 0.22 0.90 0.32 0.71
0.95 0.99 0.97 0.57 0.22 0.70 0.35 0.81
0.73 0.08 0.17 0.02 0.52 0.79 0.97 0.90
0.85 0.91 0.55 1.00 0.92 0.16 0.41 0.08
0.65 0.23 0.38 0.58 0.32 0.59 0.51 0.15
0.26 0.88 0.13 0.24 0.96 0.35 0.98 0.73
0.81 0.99 0.11 0.10 0.23 0.11 0.77 0.03
0.69 0.90 0.98 0.05 0.07 0.18 0.37 0.16
0.28 0.23 0.25 0.29 0.08 0.55 0.45 0.45
0.70 0.36 0.09 0.24 0.72 0.76 0.39 0.28
0.66 0.35 0.46 0.01 0.63 0.28 0.78 0.10
0.87 0.27 0.40 0.77 0.63 0.62 0.90 0.46
0.22 0.25 0.06 0.51 0.58 0.65 0.26 0.34
0.39 0.31 0.99 0.15 0.88 0.22 0.94 0.86
0.62 0.43 0.74 0.80 0.58 0.94 0.49 0.85
0.36 0.28 0.65 0.93 0.97 0.85 0.35 0.73
0.79 0.29 0.35 0.68 0.05 0.81 0.43 0.57
0.10 0.47 0.74 0.23 0.72 0.60 0.11 0.82
0.42 0.18 0.66 0.77 0.59 0.03 0.08 0.06
0.36 0.26 0.53 0.59 0.53 0.48 0.86 0.68
0.65 0.18 0.70 0.87 0.16 0.68 0.39 0.87
0.57 0.14 0.47 0.86 0.42 0.02 0.27 0.48
0.46 0.37 0.46 0.59 0.46 0.05 0.61 0.38
0.19 0.36 0.76 0.51 0.82 0.91 0.70 0.98
0.41 0.77 0.71 0.32 0.42 0.13 0.75 0.66
0.75 0.32 0.39 0.74 0.33 0.66 0.33 0.87
0.59 0.86 0.84 0.14 0.42 0.84 0.26 0.28
0.41 0.44 0.36 0.37 0.24 0.83 0.57 0.42
0.01 0.65 0.36 0.45 0.04 0.84 0.84 0.42
0.97 0.36 0.37 0.91 0.23 0.49 0.21 0.11
0.52 0.78 0.31 0.97 0.42 0.73 0.32 0.62
0.79 0.01 0.90 0.41 0.40 0.71 0.59 0.97
0.51 0.94 0.65 0.50 0.09 0.62 0.62 0.84
0.05 0.87 0.45 0.61 0.96 0.01 0.04 0.80
0.42 0.19 0.90 0.39 0.48 0.44 0.18 0.70
1.00 0.51 0.26 0.79 0.86 0.34 0.43 0.01
0.22 0.06 0.56 0.02 0.76 0.16 0.34 0.38
0.16 0.24 0.64 0.89 0.18 0.19 0.19 0.97
0.77 0.50 0.87 0.49 0.92 0.06 0.28 0.56
0.43 0.87 0.82 0.75 0.82 0.72 0.36 0.38
0.10 0.03 0.75 0.96 0.12 0.32 0.61 0.63
0.78 0.88 0.74 0.94 0.24 0.89 0.11 0.16
0.65 0.76 0.86 0.84 0.73 0.06 0.90 0.88
0.35 0.06 0.20 0.97 0.96 0.75 0.98 0.13
0.55 0.56 0.80 0.12 0.08 0.78 0.46 0.29
0.51 0.23 0.02 0.95 0.34 0.94 0.68 0.76
0.73 0.58 0.02 0.99 0.24 0.31 0.59 0.98
0.35 0.91 0.46 0.04 0.41 0.68 0.59 0.12
0.96 0.13 0.50 0.88 0.04 0.35 0.22 0.91
0.71 0.52 0.07 0.13 0.97 0.44 0.65 0.74
0.32 0.08 0.55 0.80 0.82 0.38 0.32 0.99
0.12 0.39 0.08 0.84 0.71 0.47 0.45 0.16
0.99 0.26 0.95 0.64 0.67 0.83 0.72 0.20
0.34 0.16 0.47 0.37 0.17 0.67 0.02 0.72
0.45 0.87 0.83 0.88 0.00 0.88 0.65 0.29
0.95 0.83 0.89 0.88 0.86 0.69 0.54 0.07
0.69 0.12 0.84 0.49 0.47 0.40 0.02 0.01
0.26 0.97 0.88 0.04 0.33 0.25 0.22 0.59
0.41 0.53 0.45 0.28 0.29 0.36 0.13 0.22
0.12 0.65 0.78 0.65 0.32 0.31 0.37 0.97
0.64 0.25 0.71 0.08 0.57 0.53 0.36 0.20
0.30 0.79 0.36 0.58 0.65 0.43 0.87 0.72
0.64 0.75 0.40 0.76 0.11 0.96 0.59 0.26
0.85 0.32 0.72 0.99 0.76 0.07 0.78 0.01
0.99 0.59 0.29 0.96 0.21 0.34 0.59 0.89
0.30 0.48 0.18 0.89 0.60 0.43 0.76 0.71
0.39 0.58 0.95 0.77 0.28 0.79 0.52 0.80
0.08 0.18 0.95 0.35 0.45 0.17 0.38 0.31
0.70 0.29 0.43 0.48 0.88 0.66 0.58 0.68
0.76 0.91 0.19 0.27 0.26 0.43 0.00 0.24
0.09 0.95 0.55 0.31 0.03 0.82 0.91 0.47
0.08 0.29 0.82 0.66 0.27 0.01 0.72 0.98
0.60 0.05 0.57 0.91 0.20 0.28 0.13 0.29
0.81 0.98 0.88 0.33 0.26 0.35 0.03 0.29
0.72 0.48 0.11 0.96 0.65 0.97 0.36 0.34
0.45 0.77 0.18 0.81 0.01 0.46 0.52 0.35
0.06 0.22 0.20 0.88 0.04 0.93 0.17 0.85
0.68 0.40 0.46 0.28 0.47 0.87 0.92 0.75
0.71 0.95 0.77 1.00 0.19 0.03 0.06 0.75
0.06 0.76 0.70 0.33 0.88 0.27 0.09 0.98
0.11 0.37 0.28 0.58 0.45 0.56 0.24 0.23
0.62 0.40 0.04 0.82 0.89 0.98 0.23 0.19
0.28 0.19 0.82 0.25 0.29 0.60 0.74 0.26
0.89 0.32 0.15 0.60 0.07 0.05 0.99 0.03
0.72 0.04 0.03 0.27 0.84 0.86 0.63 0.13
0.16 0.17 0.73 0.22 0.35 0.30 0.41 0.83
0.47 0.26 0.79 0.68 0.66 0.71 0.71 0.37
0.04 0.09 0.29 0.70 0.24 0.33 0.21 0.05
0.14 0.56 0.82 0.49 0.05 0.04 0.24 0.01
0.89 0.54 0.27 0.33 0.92 0.06 1.00 0.20
0.25 0.93 0.32 0.48 0.39 0.78 0.16 0.09
0.36 0.44 0.04 0.33 0.25 0.76 0.48 0.86
0.88 0.48 0.92 0.71 0.88 0.23 0.30 0.91
0.21 0.31 0.32 0.73 0.40 0.69 0.83 0.33
0.90 0.26 0.55 0.75 0.78 0.12 0.53 1.00
0.29 0.82 0.25 0.61 0.71 0.36 0.12 0.94
0.68 0.23 0.31 0.11 0.93 0.90 0.13 0.42
0.78 0.11 1.00 0.60 0.91 0.62 0.23 0.77
0.73 0.33 0.54 0.58 0.37 0.65 0.50 0.03
0.51 0.75 0.80 0.57 0.91 0.07 0.57 0.24
0.16 0.55 0.44 0.84 0.82 0.69 0.07 0.54
0.67 0.29 0.52 0.35 0.11 0.87 0.14 0.10
0.25 1.00 0.35 0.81 0.10 0.95 0.24 0.86
0.49 0.11 0.97 0.77 0.02 0.96 0.17 0.87
0.77 0.43 0.70 0.73 0.61 0.95 0.61 0.23
0.99 0.53 0.94 0.14 0.98 0.92 0.44 0.10
0.95 0.13 0.05 0.63 0.33 0.01 0.01 0.58
0.33 0.82 0.79 0.01 0.89 0.89 0.67 0.31
0.43 0.83 0.33 0.04 0.73 0.80 0.91 0.34
0.30 0.91 0.30 0.71 0.95 0.88 0.58 0.40
0.57 0.89 0.55 0.23 0.91 0.85 0.79 0.84
0.61 0.69 0.24 0.23 0.98 0.73 0.68 0.43
0.28 0.73 0.81 0.45 0.35 0.98 0.24 0.53
0.43 0.33 0.57 0.24 0.63 0.24 0.49 0.49
0.47 0.74 0.69 0.35 0.47 0.96 0.67 0.72
0.50 0.47 0.28 0.82 0.45 0.65 0.14 0.08
0.46 0.94 0.78 0.93 0.65 0.47 0.41 0.54
0.41 0.28 0.01 0.11 0.11 0.41 0.86 0.57
0.16 0.55 0.24 0.72 0.24 0.61 0.91 0.00
0.08 0.76 0.63 0.07 0.56 0.85 0.51 0.36
0.65 0.02 0.76 0.33 0.99 0.80 0.49 0.18
0.84 0.59 0.89 0.56 0.38 0.91 0.86 0.55
0.72 0.29 0.15 0.27 0.47 0.67 0.93 0.01
0.03 0.30 0.13 0.56 0.29 0.54 0.45 0.13
0.12 0.08 0.28 0.32 0.92 0.36 0.83 0.72
0.46 0.51 0.54 0.53 0.25 0.05 0.46 0.04
0.54 0.08 0.56 0.93 0.07 0.06 0.48 0.65
0.93 0.36 0.25 0.71 0.39 0.05 0.89 0.98
0.22 0.71 0.44 0.28 0.76 0.12 0.71 0.78
0.73 0.19 0.99 0.40 1.00 0.70 0.06 0.48
0.81 0.98 0.43 0.89 0.62 0.50 0.21 0.19
0.36 0.35 0.19 0.55 0.74 0.65 0.72 0.37
0.53 0.85 0.82 0.33 0.59 0.79 0.24 0.67
0.48 0.61 0.95 0.06 0.45 0.54 0.52 0.51
0.89 0.62 0.63 0.28 0.06 0.72 0.32 0.62
0.83 0.44 0.81 0.18 0.09 0.55 0.47 0.45
0.07 0.34 0.76 0.67 0.08 0.53 0.02 0.12
0.92 0.77 0.93 0.33 0.53 0.44 0.47 0.24
0.25 0.74 0.36 0.49 0.09 0.12 0.05 0.39
0.45 0.28 0.56 0.90 0.05 0.07 0.36 0.05
0.51 0.30 0.78 0.89 0.56 0.97 0.47 0.87
0.92 0.02 0.60 0.33 0.81 0.70 0.02 0.82
0.92 0.17 0.65 0.66 0.18 0.88 0.46 0.72
0.72 0.45 0.52 0.81 0.68 0.96 0.64 0.32
0.50 0.45 0.42 0.76 0.20 0.86 0.45 0.78
0.17 0.27 0.78 0.29 0.61 0.29 0.32 0.58
0.15 0.86 0.68 0.12 0.03 0.55 0.20 0.84
0.24 0.71 0.91 0.94 0.15 0.23 0.73 0.28
0.20 0.74 0.59 0.36 0.42 0.62 0.18 0.44
0.71 0.25 0.31 0.63 0.67 0.67 0.83 0.35
0.59 0.98 0.20 0.39 0.24 0.07 0.03 0.28
0.73 0.24 0.23 0.26 0.95 0.52 0.78 0.64
0.69 0.68 0.63 0.26 0.77 0.80 0.60 0.59
0.38 0.14 0.49 0.87 0.39 0.68 0.56 0.55
0.41 0.32 0.47 0.69 0.59 0.15 0.46 0.43
0.90 0.30 0.35 0.01 0.39 0.83 0.83 0.56
0.88 0.09 0.99 0.45 0.23 0.25 0.29 0.88
0.25 0.68 0.74 0.54 0.90 0.65 0.89 0.19
0.22 0.24 0.92 0.03 0.48 0.38 0.18 0.46
0.22 0.44 0.11 0.32 0.74 0.09 0.84 0.57
0.55 0.76 0.26 0.51 0.95 0.35 0.77 0.17
0.40 0.36 0.14 0.48 0.11 0.66 0.14 0.07
0.31 0.40 0.47 0.58 0.64 0.03 0.66 0.71
0.90 0.96 0.19 0.85 0.59 0.58 0.42 0.70
0.24 0.94 0.43 0.32 0.21 0.68 0.76 0.54
0.14 0.53 0.36 0.45 0.98 0.80 0.71 0.34
0.28 0.68 0.54 0.37 0.00 0.22 0.56 0.27
0.25 0.72 0.99 0.29 0.02 0.47 0.11 0.30
0.63 0.26 0.86 0.05 0.03 0.97 0.56 0.10
0.10 0.06 0.07 0.60 0.86 0.22 0.96 0.01
0.10 0.32 0.44 0.54 0.33 0.03 0.94 0.27
0.67 0.97 0.61 0.78 0.39 0.92 0.93 0.75
0.42 0.10 0.39 0.99 0.12 0.14 0.26 0.49
0.32 0.51 0.13 0.31 0.06 0.01 0.26 0.66
0.35 0.11 0.19 0.31 0.31 0.64 0.27 0.99
0.29 0.27 0.30 0.58 0.15 0.72 0.70 0.13
0.52 0.49 0.14 0.68 0.99 0.07 0.08 0.92
0.34 0.16 0.12 0.91 0.53 0.15 0.48 0.11
0.35 0.42 0.05 0.94 0.30 0.31 0.29 0.46
0.60 0.32 0.37 0.43 0.87 0.65 0.06 0.61
0.70 0.70 0.11 0.43 0.12 0.36 0.60 0.85
0.51 0.72 0.60 0.60 0.47 0.97 0.10 0.46
0.54 0.94 0.56 0.26 0.27 0.56 0.57 0.80
0.93 0.47 0.91 0.63 0.85 0.92 0.26 0.96
0.07 0.86 0.08 0.48 0.46 0.53 0.29 0.86
0.90 0.95 0.72 0.02 0.74 0.72 0.26 0.14
0.61 0.08 0.18 0.68 0.85 0.08 0.18 0.20
0.57 0.26 0.14 0.40 0.03 0.28 0.52 0.67
0.71 0.61 0.53 0.93 0.14 0.10 0.76 0.32
0.17 0.91 0.99 0.15 0.23 0.13 0.16 0.41
0.78 0.93 0.92 0.98 0.85 0.42 0.17 0.09
0.45 0.77 0.46 0.08 0.49 0.05 0.36 0.14
0.44 0.68 0.30 0.10 0.33 0.42 0.41 0.03
0.24 0.66 0.40 0.62 0.87 0.67 0.66 0.81
0.27 0.23 0.52 0.51 0.06 0.99 0.15 0.19
0.85 0.47 0.94 0.19 0.55 0.77 0.35 0.10
0.25 0.26 0.16 0.19 0.41 0.58 0.99 0.21
0.55 0.60 0.01 0.87 0.18 0.73 0.51 0.40
0.35 0.83 0.20 0.39 0.19 0.40 0.45 0.40
0.69 0.52 0.42 0.53 0.00 0.27 0.28 0.97
0.01 0.71 0.52 0.27 0.25 0.52 0.09 0.92
0.06 0.48 0.99 0.82 0.18 0.34 0.93 0.55
0.32 1.00 0.68 0.35 0.11 0.37 0.51 0.85
0.06 0.49 0.75 0.13 0.53 0.23 0.97 0.94
0.93 0.60 0.59 0.37 0.40 0.24 0.85 0.95
0.61 0.06 0.01 0.38 0.15 0.80 0.94 0.61
0.80 0.35 0.75 0.98 0.60 0.21 0.09 0.70
0.82 0.04 0.73 0.94 0.24 0.76 0.77 0.06
0.29 0.87 0.57 0.82 0.43 0.92 0.87 0.83
0.48 0.78 0.83 0.74 0.71 0.72 0.33 0.62
0.99 0.74 0.18 0.32 0.13 0.44 0.47 0.05
0.92 0.16 0.77 0.14 0.74 0.49 0.10 0.47
0.67 0.52 0.52 0.22 0.49 0.59 0.10 0.45
0.39 0.97 0.24 0.30 0.43 0.61 0.50 0.04
0.99 0.55 0.48 0.43 0.62 0.20 0.11 0.94
0.25 0.45 0.16 0.75 0.08 0.26 0.77 0.79
0.89 0.68 0.53 0.06 0.09 0.60 0.84 0.86
0.85 0.22 0.05 0.33 0.68 0.16 0.88 0.68
0.49 0.50 0.06 0.54 0.31 0.76 0.64 0.37
0.50 0.84 0.51 0.70 0.29 0.91 0.79 0.94
0.61 0.41 0.05 0.50 0.16 0.21 0.58 0.63
0.82 0.60 0.01 0.07 0.06 0.76 0.69 0.43
1.00 0.84 0.80 0.94 0.48 0.07 0.81 0.09
0.30 0.40 0.84 0.05 0.72 0.32 0.74 0.14
0.85 0.49 0.89 0.02 0.25 0.36 0.51 0.05
0.97 0.09 0.43 0.78 0.64 0.53 0.74 0.15
0.97 0.21 0.82 0.52 0.03 0.06 0.81 0.37
0.98 0.44 0.87 0.24 0.44 0.66 0.91 0.97
0.11 0.84 0.81 0.60 0.27 0.67 0.07 0.04
0.40 0.94 0.69 0.61 0.36 0.08 0.96 0.50
0.37 0.43 0.30 0.97 0.66 0.25 0.53 0.75
0.72 0.01 0.20 0.64 0.29 0.68 0.60 0.37
0.44 0.44 0.09 0.87 0.70 0.92 0.95 0.51
0.74 0.63 0.87 0.83 0.78 0.88 0.88 0.73
0.86 0.81 0.38 0.44 0.84 0.34 0.49 0.58
0.12 0.11 0.81 0.44 0.64 1.00 0.01 0.51
0.61 0.87 0.73 0.46 0.28 0.42 0.78 0.12
0.75 0.47 0.32 0.12 0.55 0.52 0.89 0.06
0.34 0.44 0.59 0.49 0.30 0.42 0.11 0.19
0.47 0.92 0.84 0.08 0.78 0.58 0.07 0.89
0.15 0.01 0.67 0.15 0.84 0.59 0.08 0.77
0.81 0.33 0.07 0.43 0.07 0.04 0.36 0.41
0.67 0.77 0.68 0.82 0.03 0.19 0.77 0.94
0.38 0.51 0.02 0.85 0.20 0.79 0.45 0.22
0.07 0.45 0.21 0.15 0.33 0.46 0.14 0.51
0.96 0.05 0.38 0.54 0.05 0.43 0.05 0.84
0.65 0.00 0.90 0.86 0.84 0.03 0.20 0.83
0.84 0.43 0.95 0.09 0.60 0.19 0.46 0.79
0.80 0.49 0.78 0.61 0.68 0.04 0.27 0.71
0.60 0.12 0.33 0.96 0.48 0.32 0.70 0.87
0.66 0.22 0.72 0.10 0.19 0.56 0.63 0.13
0.06 0.94 0.68 0.72 0.04 0.52 0.36 0.40
0.78 0.95 0.15 0.42 0.50 0.55 0.91 0.30
0.17 0.07 0.90 0.55 0.89 0.71 0.10 0.25
0.09 0.13 0.53 0.33 0.85 0.06 0.14 0.23
0.13 0.51 0.61 0.56 0.45 0.46 0.74 0.30
0.36 0.55 0.26 0.84 0.54 0.89 0.63 0.80
0.33 0.68 0.31 0.99 0.72 0.04 0.23 0.56
0.78 0.20 0.88 0.14 0.97 0.39 0.90 0.78
0.06 0.18 0.26 0.08 0.46 0.44 0.18 0.59
0.18 0.36 0.61 0.26 0.07 0.89 0.49 0.37
0.17 0.86 0.04 0.38 0.87 0.66 0.68 0.37
0.74 0.58 0.11 0.85 0.10 0.26 0.53 0.13
0.74 0.26 0.52 0.96 0.71 0.02 0.43 0.96
0.07 0.06 0.99 0.72 0.83 0.59 0.36 0.47
0.29 0.79 0.93 0.07 0.83 0.74 0.39 0.37
0.19 0.86 0.47 0.75 0.40 0.37 0.46 0.28
0.33 0.41 0.35 0.45 0.45 0.32 0.50 0.06
0.51 0.39 0.80 0.09 0.77 0.20 0.93 0.38
0.11 0.89 0.04 0.93 0.40 0.60 0.26 0.34
0.39 0.61 0.96 0.31 0.68 0.91 0.88 0.02
0.34 0.54 0.85 0.99 0.98 0.93 0.44 0.67
0.83 0.89 0.56 0.93 0.40 0.71 0.76 0.28
0.00 0.20 0.97 0.27 0.08 0.76 0.05 0.52
0.51 0.07 0.82 0.35 0.36 0.71 0.96 0.66
0.82 0.25 0.98 0.07 0.78 0.24 0.02 0.93
0.98 0.19 0.99 0.26 0.20 0.25 0.19 0.22
0.72 0.14 0.66 0.05 0.06 0.40 0.87 0.36
0.86 0.57 0.10 0.78 0.94 0.40 0.52 0.73
0.13 0.03 0.74 0.33 0.13 0.61 0.91 0.49
0.52 0.69 0.91 0.10 0.04 0.91 0.32 0.21
0.40 0.56 0.98 0.89 0.37 0.16 0.64 0.54
0.14 0.94 0.03 0.12 0.30 0.13 0.90 0.32
0.56 0.41 0.77 0.07 0.46 0.88 0.18 0.67
0.83 0.44 0.26 0.29 0.48 0.36 0.12 0.38
0.19 0.46 0.01 0.80 0.36 0.88 0.14 0.16
0.05 0.30 0.58 0.93 0.27 0.92 0.70 0.25
0.13 0.47 0.50 0.33 0.38 0.07 0.22 0.63
0.19 0.93 0.24 0.20 0.62 0.96 0.53 0.48
0.98 0.06 0.34 0.23 0.60 0.63 0.05 0.53
0.97 0.53 0.19 0.80 0.14 0.32 0.58 0.49
0.43 1.00 0.96 0.58 0.72 0.50 0.09 0.46
0.43 0.39 0.83 0.34 0.86 0.97 0.48 0.26
0.90 0.77 0.66 0.22 0.26 0.66 0.37 0.21
0.14 0.75 0.23 0.88 0.00 0.62 0.46 0.06
0.51 0.51 0.28 0.53 0.66 0.24 0.51 0.98
0.77 0.43 0.23 0.03 0.32 0.22 0.28 0.94
0.58 0.13 0.30 0.22 0.29 0.55 0.09 0.66
0.29 0.81 0.01 0.12 0.85 0.31 0.64 0.78
0.45 0.52 0.59 0.98 0.20 0.82 0.98 0.88
0.56 0.80 0.87 0.71 0.25 0.92 0.74 0.58
0.62 0.09 0.77 0.38 0.79 0.04 0.45 0.10
0.41 0.98 0.24 0.28 0.49 0.62 0.54 0.43
0.52 0.68 0.79 0.43 0.63 0.79 0.13 1.00
0.72 0.07 0.67 0.77 0.02 0.49 0.50 0.54
0.12 0.41 0.61 0.98 0.92 0.63 0.91 0.65
0.90 0.23 0.57 0.30 0.71 0.04 0.47 0.39
0.94 0.50 0.46 0.55 0.82 0.11 0.87 0.70
0.58 0.97 0.63 0.38 0.66 0.51 0.45 0.22
0.16 0.33 0.47 0.20 0.05 0.47 0.15 0.87
0.48 0.56 0.45 0.62 0.79 0.99 0.19 0.28
0.21 0.92 0.00 0.09 0.78 0.17 0.87 0.87
0.87 0.27 0.44 0.43 0.45 0.65 0.01 0.88
0.79 0.83 0.65 0.11 0.23 0.65 0.56 0.28
0.21 0.89 0.02 0.59 0.28 0.18 0.06 0.66
0.49 0.88 0.29 0.50 0.58 0.21 0.80 0.58
0.44 0.36 0.92 0.33 0.88 0.30 0.45 0.58
0.76 0.13 0.73 0.51 0.86 0.82 0.33 0.26
0.36 0.19 0.27 0.41 0.89 0.69 0.63 0.75
0.76 0.54 0.04 0.81 0.78 0.60 0.95 0.01
0.82 0.12 0.14 0.49 0.04 0.51 0.40 0.43
0.75 0.61 0.10 0.46 0.48 0.10 0.48 0.05
