33.39
33.37
33.36
33.38
33.37
33.36
33.36
33.37
33.37
33.38
33.37
33.36
33.36
33.36
33.37
33.36
33.35
33.37
33.34
33.35
33.35
33.36
33.37
33.35
33.36
33.36
33.35
33.35
33.37
33.37
33.37
33.37
33.36
33.37
33.35
33.37
33.38
33.36
33.37
33.35
33.35
33.35
33.37
33.34
33.37
33.37
33.38
33.36
33.34
33.35
33.37
33.35
33.38
33.35
33.35
33.34
33.39
33.34
33.38
33.34
33.35
33.37
33.38
33.36
33.37
33.35
33.37
33.35
33.36
33.34
33.34
33.36
33.36
33.35
33.37
33.35
33.35
33.37
33.35
33.36
33.36
33.37
33.36
33.39
33.37
33.35
33.34
33.37
33.38
33.36
33.37
33.37
33.36
33.37
33.35
33.37
33.37
33.36
33.35
33.36
33.37
33.36
33.36
33.36
33.35
33.35
33.34
33.37
33.37
33.35
33.35
33.38
33.35
33.38
33.37
33.36
33.38
33.37
33.35
33.36
33.36
33.37
33.34
33.36
33.38
33.36
33.36
33.39
33.37
33.38
33.36
33.33
33.34
33.37
33.36
33.35
33.36
33.35
33.36
33.36
33.35
33.37
33.36
33.37
33.35
33.35
33.37
33.37
33.34
33.35
33.36
33.36
33.37
33.36
33.34
33.35
33.37
33.37
33.37
33.37
33.34
33.36
33.38
33.35
33.35
33.36
33.35
33.38
33.36
33.35
33.37
33.35
33.38
33.38
33.37
33.36
33.35
33.37
33.38
33.33
33.36
33.34
33.36
33.36
33.37
33.36
33.37
33.38
33.37
33.38
33.35
33.37
33.35
33.37
33.37
33.36
33.35
33.35
33.36
33.35
33.37
33.36
33.38
33.36
33.35
33.37
33.38
33.36
33.37
33.38
33.36
33.36
33.34
33.34
33.34
33.36
33.36
33.36
33.35
33.36
33.35
33.36
33.35
33.37
33.34
33.35
33.36
33.36
33.37
33.38
33.36
33.36
33.37
33.36
33.35
33.37
33.35
33.39
33.39
33.35
33.37
33.38
33.35
33.38
33.35
33.34
33.33
33.38
33.35
33.35
33.36
33.35
33.35
33.35
33.38
33.37
33.36
33.38
33.36
33.36
33.35
33.37
33.36
33.37
33.38
33.36
33.35
33.36
33.37
33.38
33.36
33.38
33.32
33.35
33.36
33.36
33.36
33.35
33.34
33.34
33.35
33.36
33.36
33.35
33.37
33.35
33.35
33.37
33.35
33.36
33.37
33.35
33.38
33.35
33.34
33.39
33.36
33.35
33.36
33.36
33.36
33.36
33.34
33.36
33.35
33.35
33.35
33.36
33.37
33.36
33.36
33.36
33.38
33.34
33.35
33.37
33.36
33.37
33.36
33.37
33.35
33.36
33.36
33.36
33.37
33.36
33.38
33.36
33.34
33.35
33.37
33.36
33.38
33.36
33.36
33.38
33.37
33.36
33.33
33.39
33.36
33.37
33.36
33.37
33.36
33.36
33.37
33.37
33.34
33.37
33.36
33.33
33.34
33.36
33.35
33.35
33.38
33.34
33.33
33.36
33.37
33.35
33.38
33.36
33.35
33.37
33.36
33.36
33.37
33.37
33.36
33.36
33.35
33.38
33.36
33.35
33.39
33.35
33.35
33.37
33.36
33.36
33.35
33.37
33.37
33.37
33.36
33.33
33.38
33.38
33.36
33.36
33.36
33.38
33.37
33.36
33.38
33.37
33.35
33.38
