25.22
23.85
22.93
22.37
21.79
21.41
21.18
20.98
20.81
20.77
20.61
24.30
23.18
22.45
21.98
21.52
21.25
21.06
20.91
20.77
20.75
20.61
23.45
22.60
22.03
21.70
21.32
21.11
20.96
20.85
20.73
20.73
20.61
22.84
22.16
21.68
21.42
21.13
20.98
20.86
20.76
20.69
20.70
20.61
22.12
21.60
21.26
21.10
20.88
20.80
20.71
20.65
20.61
20.63
20.61
21.61
21.20
20.98
20.88
20.72
20.68
20.62
20.59
20.57
20.58
20.61
21.22
20.93
20.79
20.73
20.62
20.59
20.54
20.54
20.55
20.57
20.61
20.95
20.75
20.65
20.62
20.56
20.54
20.53
20.55
20.58
20.59
20.61
20.70
20.59
20.55
20.54
20.52
20.52
20.50
20.54
20.57
20.59
20.61
20.58
20.57
20.58
20.59
20.59
20.57
20.57
20.59
20.60
20.61
20.61
20.61
20.61
20.61
20.61
20.61
20.61
20.61
20.61
20.61
20.61
20.61
