29.75
27.46
26.03
24.89
23.89
22.97
22.13
21.46
21.05
20.76
20.61
27.97
26.12
25.00
24.11
23.32
22.53
21.83
21.28
20.95
20.74
20.61
26.29
24.86
23.99
23.31
22.72
22.08
21.54
21.10
20.87
20.73
20.61
24.94
23.79
23.09
22.57
22.18
21.70
21.27
21.01
20.83
20.73
20.61
23.75
22.86
22.37
21.99
21.71
21.35
21.04
20.87
20.74
20.67
20.61
22.83
22.14
21.79
21.56
21.37
21.09
20.87
20.77
20.71
20.66
20.61
21.95
21.45
21.28
21.16
21.07
20.86
20.72
20.64
20.65
20.63
20.61
21.38
21.05
20.95
20.91
20.86
20.75
20.68
20.64
20.65
20.65
20.61
20.96
20.80
20.76
20.73
20.75
20.69
20.65
20.63
20.66
20.65
20.61
20.62
20.59
20.61
20.60
20.62
20.63
20.63
20.65
20.65
20.63
20.61
20.61
20.61
20.61
20.61
20.61
20.61
20.61
20.61
20.61
20.61
20.61
