29.75
28.63
27.84
27.22
26.64
26.06
25.57
25.15
25.02
25.02
25.23
28.51
27.66
27.06
26.59
26.17
25.71
25.32
25.01
24.94
25.00
25.23
27.43
26.79
26.35
26.02
25.75
25.40
25.14
24.93
24.93
25.02
25.23
26.54
26.08
25.75
25.54
25.41
25.19
25.00
24.89
24.94
25.05
25.23
25.98
25.66
25.45
25.33
25.25
25.08
24.96
24.90
24.96
25.07
25.23
25.56
25.35
25.20
25.16
25.14
25.02
24.94
24.92
25.02
25.10
25.23
25.08
25.00
24.97
25.01
25.06
24.98
24.93
24.92
25.05
25.13
25.23
24.91
24.88
24.91
24.98
25.01
25.02
24.99
25.01
25.11
25.17
25.23
24.89
24.90
24.93
24.99
25.06
25.06
25.04
25.05
25.15
25.20
25.23
24.97
24.99
25.03
25.05
25.09
25.11
25.11
25.15
25.18
25.20
25.23
25.23
25.23
25.23
25.23
25.23
25.23
25.23
25.23
25.23
25.23
25.23
