20.61
20.26
20.02
19.75
19.48
19.42
19.45
19.44
19.49
19.68
19.95
20.16
19.93
19.76
19.58
19.41
19.37
19.45
19.46
19.52
19.69
19.95
19.77
19.64
19.54
19.42
19.30
19.29
19.39
19.47
19.55
19.71
19.95
19.52
19.49
19.45
19.40
19.32
19.34
19.44
19.53
19.59
19.74
19.95
19.42
19.43
19.44
19.41
19.36
19.40
19.50
19.59
19.64
19.79
19.95
19.30
19.35
19.38
19.37
19.37
19.42
19.54
19.62
19.68
19.79
19.95
19.34
19.41
19.44
19.45
19.47
19.53
19.63
19.69
19.74
19.82
19.95
19.38
19.48
19.51
19.55
19.58
19.64
19.71
19.75
19.79
19.85
19.95
19.49
19.58
19.62
19.65
19.67
19.72
19.77
19.79
19.82
19.87
19.95
19.71
19.76
19.79
19.80
19.80
19.82
19.85
19.86
19.88
19.90
19.95
19.95
19.95
19.95
19.95
19.95
19.95
19.95
19.95
19.95
19.95
19.95
