25.22
23.95
23.12
22.51
21.93
21.40
20.99
20.63
20.34
20.13
19.95
24.21
23.21
22.56
22.06
21.58
21.14
20.80
20.50
20.27
20.10
19.95
23.25
22.48
21.99
21.60
21.21
20.89
20.59
20.38
20.22
20.08
19.95
22.57
21.97
21.56
21.27
20.97
20.71
20.47
20.31
20.16
20.06
19.95
21.86
21.40
21.12
20.92
20.69
20.51
20.32
20.20
20.10
20.03
19.95
21.25
20.91
20.72
20.58
20.45
20.33
20.20
20.13
20.05
20.00
19.95
20.82
20.59
20.47
20.37
20.30
20.22
20.11
20.07
20.02
19.98
19.95
20.48
20.32
20.24
20.18
20.17
20.11
20.04
20.03
20.00
19.96
19.95
20.20
20.13
20.09
20.05
20.07
20.04
20.00
20.01
19.99
19.96
19.95
20.02
20.01
20.01
20.01
20.01
19.99
19.98
19.99
19.97
19.95
19.95
19.95
19.95
19.95
19.95
19.95
19.95
19.95
19.95
19.95
19.95
19.95
