29.75
27.45
25.93
24.68
23.58
22.46
21.63
20.83
20.36
19.97
19.95
27.59
25.78
24.60
23.64
22.80
21.87
21.20
20.57
20.21
19.93
19.95
25.67
24.28
23.39
22.65
22.07
21.38
20.87
20.40
20.15
19.93
19.95
24.20
23.13
22.41
21.88
21.51
21.02
20.61
20.26
20.08
19.93
19.95
22.98
22.16
21.65
21.29
21.05
20.65
20.39
20.13
20.01
19.91
19.95
21.96
21.33
20.97
20.78
20.64
20.36
20.18
20.02
19.97
19.91
19.95
21.07
20.66
20.49
20.42
20.37
20.18
20.06
19.95
19.96
19.91
19.95
20.55
20.28
20.20
20.19
20.19
20.09
20.03
19.96
19.97
19.95
19.95
20.15
20.03
20.00
20.00
20.04
20.00
19.98
19.95
19.98
19.96
19.95
19.88
19.86
19.89
19.89
19.91
19.92
19.94
19.94
19.95
19.95
19.95
19.95
19.95
19.95
19.95
19.95
19.95
19.95
19.95
19.95
19.95
19.95
