21.29
21.19
21.25
21.27
21.46
21.52
21.57
21.26
21.22
21.24
21.28
21.19
21.34
21.17
21.35
21.18
21.30
21.21
21.41
21.24
21.24
21.15
21.21
21.35
21.37
21.28
21.24
21.37
21.16
21.34
21.25
21.36
21.21
21.24
21.40
21.31
21.20
21.24
21.33
21.22
21.37
21.31
21.19
21.43
21.26
21.14
21.38
21.42
21.31
21.25
21.31
21.43
21.39
21.24
22.04
21.55
21.20
21.23
21.26
21.36
21.38
21.26
21.51
21.51
21.36
21.40
21.24
21.40
21.18
21.40
21.47
21.16
21.28
21.21
21.36
21.38
21.30
21.20
21.34
21.36
21.28
21.24
21.17
21.36
21.38
21.41
21.38
21.21
21.17
21.18
21.22
21.17
21.25
21.19
21.32
21.41
21.23
21.20
21.29
21.25
21.17
21.25
21.34
21.34
21.44
21.28
21.48
21.19
21.35
21.27
21.46
21.61
21.27
21.23
21.29
21.39
21.30
21.27
21.34
21.36
21.27
21.16
21.46
21.26
21.24
21.45
21.32
21.34
21.22
21.24
21.18
21.54
21.44
21.16
21.21
21.53
21.31
21.52
21.21
21.30
21.30
21.10
21.26
21.22
21.32
21.26
21.22
21.45
21.53
21.39
21.20
21.38
21.21
21.36
21.54
21.24
21.49
21.55
21.20
21.22
21.29
21.27
21.17
21.42
21.18
21.26
21.39
21.24
21.43
21.40
21.23
21.22
21.20
21.52
21.32
21.17
21.22
21.23
21.35
21.45
21.58
21.41
21.26
21.26
21.31
21.36
21.33
21.27
21.30
21.28
21.54
21.18
21.37
21.27
21.29
21.35
21.25
21.43
21.19
21.20
21.18
21.25
21.29
21.21
21.30
21.23
21.37
21.29
21.29
21.18
21.35
21.32
21.44
21.43
21.42
21.22
21.52
21.24
21.27
21.35
21.29
21.20
21.33
21.24
21.60
21.39
21.40
21.23
21.61
21.20
21.22
21.22
21.16
21.17
21.30
21.17
21.39
21.26
21.23
21.32
21.24
21.31
21.46
21.20
21.47
21.51
21.41
21.13
21.33
21.33
21.24
21.57
21.42
21.27
21.56
21.24
21.33
21.34
21.36
21.40
21.46
21.26
21.58
21.32
21.21
21.33
21.25
21.55
21.24
21.38
21.38
21.26
21.57
21.27
21.28
21.29
21.46
21.39
21.71
21.38
21.48
21.37
21.26
21.27
21.24
21.22
21.31
21.27
21.31
21.25
21.31
21.45
21.36
21.30
21.42
21.15
21.26
21.42
21.28
21.38
21.17
21.17
21.38
21.17
21.26
21.22
21.56
21.36
21.22
21.19
21.26
21.16
21.32
21.44
21.34
21.15
21.32
21.41
21.28
21.24
21.36
21.27
21.46
21.25
21.26
21.23
21.23
21.19
21.31
21.50
21.26
21.25
21.22
21.16
21.27
21.40
21.19
21.38
21.51
21.33
21.23
21.23
21.27
21.26
21.36
21.13
21.17
21.49
21.32
21.28
21.22
21.54
21.25
21.39
21.29
21.30
21.29
21.31
21.56
21.24
21.47
21.40
21.26
21.31
21.24
21.37
21.47
21.30
21.21
21.35
21.26
21.31
21.42
21.29
21.35
21.38
21.46
21.30
21.33
21.13
21.41
21.36
21.24
21.18
21.17
21.23
21.32
21.67
21.29
21.51
21.30
21.35
21.72
21.29
21.25
21.22
21.14
21.17
21.32
21.26
