21.18
21.19
21.32
21.34
21.26
21.20
21.25
21.27
21.26
21.28
21.15
21.11
21.21
21.30
21.25
21.23
21.23
21.14
21.23
21.16
21.18
21.27
21.30
21.26
21.17
21.29
21.24
21.34
21.32
21.29
21.22
21.31
21.39
21.27
21.34
21.22
21.31
21.30
21.30
21.25
21.31
21.21
21.29
21.36
21.30
21.08
21.22
21.23
21.25
21.17
21.33
21.29
21.21
21.24
21.34
21.21
21.29
21.31
21.17
21.30
21.35
21.24
21.34
21.24
21.27
21.33
21.30
21.28
21.28
21.18
21.20
21.26
21.33
21.19
21.31
21.17
21.16
21.24
21.28
21.22
21.37
21.31
21.32
21.35
21.21
21.19
21.25
21.33
21.27
21.20
21.19
21.29
21.11
21.25
21.26
21.25
21.34
21.23
21.33
21.37
21.33
21.37
21.34
21.16
21.25
21.13
21.30
21.41
21.18
21.39
21.24
21.39
21.28
21.21
21.22
21.25
21.34
21.43
21.27
21.30
21.18
21.20
21.26
21.33
21.27
21.19
21.39
21.33
21.23
21.21
21.30
21.10
21.31
21.34
21.22
21.30
21.37
21.32
21.34
21.11
21.23
21.36
21.25
21.13
21.08
21.15
21.35
21.38
21.20
21.22
21.32
21.32
21.33
21.40
21.23
21.36
21.18
21.19
21.25
21.20
21.43
21.14
21.27
21.38
21.23
21.23
21.25
21.23
21.34
21.26
21.29
21.28
21.24
21.30
21.20
21.15
21.21
21.26
21.16
21.40
21.44
21.20
21.31
21.35
21.23
21.24
21.25
21.41
21.26
21.40
21.27
21.34
21.27
21.27
21.27
21.13
21.12
21.20
21.32
21.30
21.15
21.25
21.37
21.20
21.28
21.23
21.37
21.37
21.26
21.35
21.22
21.26
21.33
21.24
21.19
21.29
21.25
21.35
21.14
21.30
21.24
21.16
21.16
21.33
21.30
21.36
21.37
21.22
21.31
21.33
21.33
21.32
21.15
21.17
21.19
21.35
21.18
21.24
21.31
21.42
21.38
21.29
21.23
21.30
21.33
21.30
21.26
21.16
21.24
21.17
21.28
21.16
21.25
21.19
21.33
21.19
21.17
21.20
21.19
21.24
21.23
21.33
21.37
21.21
21.22
21.21
21.28
21.28
21.24
21.25
21.13
21.14
21.28
21.27
21.22
21.38
21.30
21.28
21.33
21.32
21.27
21.24
21.22
21.17
21.26
21.20
21.21
21.29
21.38
21.27
21.28
21.44
21.25
21.42
21.27
21.28
21.45
21.22
21.32
21.33
21.22
21.43
21.21
21.27
21.24
21.09
21.29
21.38
21.26
21.36
21.27
21.23
21.17
21.45
21.35
21.37
21.17
21.31
21.25
21.19
21.23
21.28
21.23
21.27
21.29
21.26
21.20
21.36
21.33
21.22
21.29
21.29
21.31
21.30
21.34
21.23
21.24
21.37
21.29
21.23
21.26
21.38
21.24
21.12
21.22
21.20
21.29
21.34
21.29
21.23
21.31
21.24
21.31
21.28
21.32
21.31
21.34
21.35
21.11
21.41
21.27
21.23
21.19
21.23
21.26
21.35
21.28
21.32
21.37
21.25
21.31
21.45
21.40
21.27
21.38
21.35
21.28
21.26
21.25
21.17
21.25
21.39
21.33
21.27
21.33
21.40
21.26
21.36
21.31
21.31
21.17
21.27
21.15
21.32
21.21
21.37
21.27
21.31
21.18
21.28
